# Stats

70 teams, 6150 matches


7 leagues
de.1 - Bundesliga |  8 events
de.2 - 2. Bundesliga |  7 events
de.3 - 3. Liga |  4 events
de.cup - DFB Pokal |  2 events
de.rel.1 - Bundesliga - Relegation |  3 events
de.rel.2 - 2. Bundesliga - Relegation |  3 events
de.rel.3 - 3. Liga - Relegation |  2 events


8 seasons
2019/20 |  3 events
2018/19 |  4 events
2017/18 |  6 events
2016/17 |  6 events
2015/16 |  3 events
2014/15 |  2 events
2013/14 |  3 events
2012/13 |  2 events


29 events:
  2019/20 (3):
== de.1 - Bundesliga 2019/20 |  18 Teams, 306 Matches, 843 Goals (+0 a.e.t.)
    0 Groups, 34 Rounds (34 Matchdays, 0 K.O.s)
1 (9)  2 (9)  3 (9)  4 (9)  5 (9)  6 (9)  7 (9)  8 (9)  9 (9)  10 (9)  11 (9)  12 (9)  13 (9)  14 (9)  15 (9)  16 (9)  17 (9)  18 (9)  19 (9)  20 (9)  21 (9)  22 (9)  23 (9)  24 (9)  25 (9)  26 (9)  27 (9)  28 (9)  29 (9)  30 (9)  31 (9)  32 (9)  33 (9)  34 (9)  

== de.2 - 2. Bundesliga 2019/20 |  18 Teams, 306 Matches, 641 Goals (+0 a.e.t.)
    0 Groups, 34 Rounds (34 Matchdays, 0 K.O.s)
1 (9)  2 (9)  3 (9)  4 (9)  5 (9)  6 (9)  7 (9)  8 (9)  9 (9)  10 (9)  11 (9)  12 (9)  13 (9)  14 (9)  15 (9)  16 (9)  17 (9)  18 (9)  19 (9)  20 (9)  21 (9)  22 (9)  23 (9)  24 (9)  25 (9)  26 (9)  27 (9)  28 (9)  29 (9)  30 (9)  31 (9)  32 (9)  33 (9)  34 (9)  

== de.3 - 3. Liga 2019/20 |  20 Teams, 381 Matches, 826 Goals (+0 a.e.t.)
    0 Groups, 38 Rounds (38 Matchdays, 0 K.O.s)
1 (10)  2 (10)  3 (10)  4 (10)  5 (10)  6 (10)  7 (10)  8 (10)  9 (10)  10 (11)  11 (10)  12 (10)  13 (10)  14 (10)  15 (10)  16 (10)  17 (10)  18 (10)  19 (10)  20 (10)  21 (10)  22 (10)  23 (10)  24 (10)  25 (10)  26 (10)  27 (10)  28 (10)  29 (10)  30 (10)  31 (10)  32 (10)  33 (10)  34 (10)  35 (10)  36 (10)  37 (10)  38 (10)  

  2018/19 (4):
== de.1 - Bundesliga 2018/19 |  18 Teams, 306 Matches, 973 Goals (+0 a.e.t.)
    0 Groups, 34 Rounds (34 Matchdays, 0 K.O.s)
1 (9)  2 (9)  3 (9)  4 (9)  5 (9)  6 (9)  7 (9)  8 (9)  9 (9)  10 (9)  11 (9)  12 (9)  13 (9)  14 (9)  15 (9)  16 (9)  17 (9)  18 (9)  19 (9)  20 (9)  21 (9)  22 (9)  23 (9)  24 (9)  25 (9)  26 (9)  27 (9)  28 (9)  29 (9)  30 (9)  31 (9)  32 (9)  33 (9)  34 (9)  

== de.2 - 2. Bundesliga 2018/19 |  18 Teams, 306 Matches, 908 Goals (+0 a.e.t.)
    0 Groups, 38 Rounds (38 Matchdays, 0 K.O.s)
1 (9)  2 (9)  3 (9)  4 (8)  5 (9)  6 (1)  7 (9)  8 (9)  9 (9)  10 (9)  11 (9)  12 (9)  13 (9)  14 (9)  15 (9)  16 (9)  17 (9)  18 (9)  19 (9)  20 (9)  21 (8)  22 (9)  23 (9)  24 (9)  25 (1)  26 (9)  27 (8)  28 (8)  29 (9)  30 (1)  31 (9)  32 (1)  33 (9)  34 (9)  35 (9)  36 (9)  37 (9)  38 (9)  

== de.rel.1 - Bundesliga - Relegation 2018/19 |  2 Teams, 2 Matches, 4 Goals (+0 a.e.t.)
    0 Groups, 2 Rounds (2 Matchdays, 0 K.O.s)
1 (1)  2 (1)  

== de.rel.2 - 2. Bundesliga - Relegation 2018/19 |  2 Teams, 2 Matches, 8 Goals (+0 a.e.t.)
    0 Groups, 2 Rounds (2 Matchdays, 0 K.O.s)
1 (1)  2 (1)  

  2017/18 (6):
== de.1 - Bundesliga 2017/18 |  18 Teams, 306 Matches, 855 Goals (+0 a.e.t.)
    0 Groups, 34 Rounds (34 Matchdays, 0 K.O.s)
1 (9)  2 (9)  3 (9)  4 (9)  5 (9)  6 (9)  7 (9)  8 (9)  9 (9)  10 (9)  11 (9)  12 (9)  13 (9)  14 (9)  15 (9)  16 (9)  17 (9)  18 (9)  19 (9)  20 (9)  21 (9)  22 (9)  23 (9)  24 (9)  25 (9)  26 (9)  27 (9)  28 (9)  29 (9)  30 (9)  31 (9)  32 (9)  33 (9)  34 (9)  

== de.2 - 2. Bundesliga 2017/18 |  18 Teams, 306 Matches, 843 Goals (+0 a.e.t.)
    0 Groups, 36 Rounds (36 Matchdays, 0 K.O.s)
1 (8)  2 (9)  3 (1)  4 (9)  5 (9)  6 (9)  7 (9)  8 (9)  9 (9)  10 (9)  11 (9)  12 (9)  13 (9)  14 (9)  15 (9)  16 (9)  17 (9)  18 (9)  19 (9)  20 (8)  21 (9)  22 (9)  23 (9)  24 (9)  25 (1)  26 (9)  27 (9)  28 (9)  29 (9)  30 (9)  31 (9)  32 (9)  33 (9)  34 (9)  35 (9)  36 (9)  

== de.3 - 3. Liga 2017/18 |  20 Teams, 380 Matches, 1039 Goals (+0 a.e.t.)
    0 Groups, 44 Rounds (44 Matchdays, 0 K.O.s)
1 (10)  2 (10)  3 (10)  4 (10)  5 (10)  6 (10)  7 (10)  8 (10)  9 (10)  10 (10)  11 (10)  12 (10)  13 (10)  14 (10)  15 (10)  16 (10)  17 (10)  18 (10)  19 (10)  20 (8)  21 (9)  22 (10)  23 (2)  24 (10)  25 (10)  26 (9)  27 (10)  28 (6)  29 (9)  30 (10)  31 (9)  32 (1)  33 (10)  34 (1)  35 (4)  36 (1)  37 (10)  38 (10)  39 (10)  40 (1)  41 (10)  42 (10)  43 (10)  44 (10)  

== de.rel.1 - Bundesliga - Relegation 2017/18 |  2 Teams, 2 Matches, 5 Goals (+0 a.e.t.)
    0 Groups, 2 Rounds (2 Matchdays, 0 K.O.s)
1 (1)  2 (1)  

== de.rel.2 - 2. Bundesliga - Relegation 2017/18 |  2 Teams, 2 Matches, 4 Goals (+0 a.e.t.)
    0 Groups, 2 Rounds (2 Matchdays, 0 K.O.s)
1 (1)  2 (1)  

== de.rel.3 - 3. Liga - Relegation 2017/18 |  6 Teams, 6 Matches, 17 Goals (+0 a.e.t.)
    0 Groups, 2 Rounds (2 Matchdays, 0 K.O.s)
1 (3)  2 (3)  

  2016/17 (6):
== de.1 - Bundesliga 2016/17 |  18 Teams, 306 Matches, 877 Goals (+0 a.e.t.)
    0 Groups, 34 Rounds (34 Matchdays, 0 K.O.s)
1 (9)  2 (9)  3 (9)  4 (9)  5 (9)  6 (9)  7 (9)  8 (9)  9 (9)  10 (9)  11 (9)  12 (9)  13 (9)  14 (9)  15 (9)  16 (9)  17 (9)  18 (9)  19 (9)  20 (9)  21 (9)  22 (9)  23 (9)  24 (9)  25 (9)  26 (9)  27 (9)  28 (9)  29 (9)  30 (9)  31 (9)  32 (9)  33 (9)  34 (9)  

== de.2 - 2. Bundesliga 2016/17 |  18 Teams, 306 Matches, 761 Goals (+0 a.e.t.)
    0 Groups, 34 Rounds (34 Matchdays, 0 K.O.s)
1 (9)  2 (9)  3 (9)  4 (9)  5 (9)  6 (9)  7 (9)  8 (9)  9 (9)  10 (9)  11 (9)  12 (9)  13 (9)  14 (9)  15 (9)  16 (9)  17 (9)  18 (9)  19 (9)  20 (9)  21 (9)  22 (9)  23 (9)  24 (9)  25 (9)  26 (9)  27 (9)  28 (9)  29 (9)  30 (9)  31 (9)  32 (9)  33 (9)  34 (9)  

== de.3 - 3. Liga 2016/17 |  20 Teams, 380 Matches, 911 Goals (+0 a.e.t.)
    0 Groups, 42 Rounds (42 Matchdays, 0 K.O.s)
1 (10)  2 (10)  3 (10)  4 (10)  5 (10)  6 (10)  7 (10)  8 (10)  9 (10)  10 (10)  11 (10)  12 (10)  13 (10)  14 (10)  15 (10)  16 (10)  17 (10)  18 (10)  19 (10)  20 (10)  21 (10)  22 (9)  23 (10)  24 (9)  25 (10)  26 (1)  27 (10)  28 (9)  29 (10)  30 (1)  31 (9)  32 (1)  33 (10)  34 (10)  35 (10)  36 (10)  37 (1)  38 (10)  39 (10)  40 (10)  41 (10)  42 (10)  

== de.rel.1 - Bundesliga - Relegation 2016/17 |  2 Teams, 2 Matches, 2 Goals (+0 a.e.t.)
    0 Groups, 2 Rounds (2 Matchdays, 0 K.O.s)
1 (1)  2 (1)  

== de.rel.2 - 2. Bundesliga - Relegation 2016/17 |  2 Teams, 2 Matches, 4 Goals (+0 a.e.t.)
    0 Groups, 2 Rounds (2 Matchdays, 0 K.O.s)
1 (1)  2 (1)  

== de.rel.3 - 3. Liga - Relegation 2016/17 |  6 Teams, 6 Matches, 13 Goals (+0 a.e.t.)
    0 Groups, 2 Rounds (2 Matchdays, 0 K.O.s)
1 (3)  2 (3)  

  2015/16 (3):
== de.1 - Bundesliga 2015/16 |  18 Teams, 306 Matches, 865 Goals (+0 a.e.t.)
    0 Groups, 34 Rounds (34 Matchdays, 0 K.O.s)
1 (9)  2 (9)  3 (9)  4 (9)  5 (9)  6 (9)  7 (9)  8 (9)  9 (9)  10 (9)  11 (9)  12 (9)  13 (9)  14 (9)  15 (9)  16 (9)  17 (9)  18 (9)  19 (9)  20 (9)  21 (9)  22 (9)  23 (9)  24 (9)  25 (9)  26 (9)  27 (9)  28 (9)  29 (9)  30 (9)  31 (9)  32 (9)  33 (9)  34 (9)  

== de.2 - 2. Bundesliga 2015/16 |  18 Teams, 306 Matches, 808 Goals (+0 a.e.t.)
    0 Groups, 34 Rounds (34 Matchdays, 0 K.O.s)
1 (9)  2 (9)  3 (9)  4 (9)  5 (9)  6 (9)  7 (9)  8 (9)  9 (9)  10 (9)  11 (9)  12 (9)  13 (9)  14 (9)  15 (9)  16 (9)  17 (9)  18 (9)  19 (9)  20 (9)  21 (9)  22 (9)  23 (9)  24 (9)  25 (9)  26 (9)  27 (9)  28 (9)  29 (9)  30 (9)  31 (9)  32 (9)  33 (9)  34 (9)  

== de.3 - 3. Liga 2015/16 |  20 Teams, 380 Matches, 912 Goals (+0 a.e.t.)
    0 Groups, 38 Rounds (38 Matchdays, 0 K.O.s)
1 (10)  2 (10)  3 (10)  4 (10)  5 (10)  6 (10)  7 (10)  8 (10)  9 (10)  10 (10)  11 (10)  12 (10)  13 (10)  14 (10)  15 (10)  16 (10)  17 (10)  18 (10)  19 (10)  20 (10)  21 (10)  22 (10)  23 (10)  24 (10)  25 (10)  26 (10)  27 (10)  28 (10)  29 (10)  30 (10)  31 (10)  32 (10)  33 (10)  34 (10)  35 (10)  36 (10)  37 (10)  38 (10)  

  2014/15 (2):
== de.1 - Bundesliga 2014/15 |  18 Teams, 306 Matches, 843 Goals (+0 a.e.t.)
    0 Groups, 34 Rounds (34 Matchdays, 0 K.O.s)
1 (9)  2 (9)  3 (9)  4 (9)  5 (9)  6 (9)  7 (9)  8 (9)  9 (9)  10 (9)  11 (9)  12 (9)  13 (9)  14 (9)  15 (9)  16 (9)  17 (9)  18 (9)  19 (9)  20 (9)  21 (9)  22 (9)  23 (9)  24 (9)  25 (9)  26 (9)  27 (9)  28 (9)  29 (9)  30 (9)  31 (9)  32 (9)  33 (9)  34 (9)  

== de.2 - 2. Bundesliga 2014/15 |  18 Teams, 306 Matches, 762 Goals (+0 a.e.t.)
    0 Groups, 34 Rounds (34 Matchdays, 0 K.O.s)
1 (9)  2 (9)  3 (9)  4 (9)  5 (9)  6 (9)  7 (9)  8 (9)  9 (9)  10 (9)  11 (9)  12 (9)  13 (9)  14 (9)  15 (9)  16 (9)  17 (9)  18 (9)  19 (9)  20 (9)  21 (9)  22 (9)  23 (9)  24 (9)  25 (9)  26 (9)  27 (9)  28 (9)  29 (9)  30 (9)  31 (9)  32 (9)  33 (9)  34 (9)  

  2013/14 (3):
== de.1 - Bundesliga 2013/14 |  18 Teams, 306 Matches, 966 Goals (+0 a.e.t.)
    0 Groups, 34 Rounds (34 Matchdays, 0 K.O.s)
1 (9)  2 (9)  3 (9)  4 (9)  5 (9)  6 (9)  7 (9)  8 (9)  9 (9)  10 (9)  11 (9)  12 (9)  13 (9)  14 (9)  15 (9)  16 (9)  17 (9)  18 (9)  19 (9)  20 (9)  21 (9)  22 (9)  23 (9)  24 (9)  25 (9)  26 (9)  27 (9)  28 (9)  29 (9)  30 (9)  31 (9)  32 (9)  33 (9)  34 (9)  

== de.2 - 2. Bundesliga 2013/14 |  18 Teams, 306 Matches, 1488 Goals (+0 a.e.t.)
    0 Groups, 34 Rounds (34 Matchdays, 0 K.O.s)
1 (9)  2 (9)  3 (9)  4 (9)  5 (9)  6 (9)  7 (9)  8 (9)  9 (9)  10 (9)  11 (9)  12 (9)  13 (9)  14 (9)  15 (9)  16 (9)  17 (9)  18 (9)  19 (9)  20 (9)  21 (9)  22 (9)  23 (9)  24 (9)  25 (9)  26 (9)  27 (9)  28 (9)  29 (9)  30 (9)  31 (9)  32 (9)  33 (9)  34 (9)  

== de.cup - DFB Pokal 2013/14 |  0 Teams, 0 Matches, 0 Goals (+0 a.e.t.)
    0 Groups, 4 Rounds (4 Matchdays, 0 K.O.s)
1 (0)  2 (0)  3 (0)  4 (0)  

  2012/13 (2):
== de.1 - Bundesliga 2012/13 |  18 Teams, 306 Matches, 898 Goals (+0 a.e.t.)
    0 Groups, 34 Rounds (34 Matchdays, 0 K.O.s)
1 (9)  2 (9)  3 (9)  4 (9)  5 (9)  6 (9)  7 (9)  8 (9)  9 (9)  10 (9)  11 (9)  12 (9)  13 (9)  14 (9)  15 (9)  16 (9)  17 (9)  18 (9)  19 (9)  20 (9)  21 (9)  22 (9)  23 (9)  24 (9)  25 (9)  26 (9)  27 (9)  28 (9)  29 (9)  30 (9)  31 (9)  32 (9)  33 (9)  34 (9)  

== de.cup - DFB Pokal 2012/13 |  16 Teams, 15 Matches, 48 Goals (+0 a.e.t.)
    0 Groups, 4 Rounds (4 Matchdays, 0 K.O.s)
1 (8)  2 (4)  3 (2)  4 (1)  



## Logs

3 logs:
[warn] skipping line (no match found): >[Sa. 15,2,]<
[warn] skipping line (no match found): >[Sa. 15,2,]<
